2.053290711975184593e+02 8.696391578860315219e-01 2.046119820449501248e+00 4.380402942039073322e-01 5.654450634441939627e+01
1.802663210914377601e+02 1.239123331429129893e+00 4.851626950434117624e+00 1.702926098785083678e-02 2.812231081654548603e+01
1.011035966218767044e+03 2.717935923005059706e+00 2.574092977681150973e+00 5.005307349810840245e-01 1.196119840784130872e+02
5.388151399616047001e+02 6.504474372116111347e-01 1.639481767973267390e+00 2.324433567417043614e-02 1.412184393430752607e+02
2.547715616521193169e+03 1.081136320121388467e-01 3.938519689452480321e+00 1.861332937366661638e-02 8.114452839077765134e+01
3.933817594747808357e+02 2.608032144023566090e+00 1.717382775834437325e+01 2.059601974734889540e-01 7.358446309355807102e+01
1.497218330105538371e+03 2.998565066885383601e+00 3.652389800771082662e+00 6.278311027468373995e-01 3.457614083746518929e+01
4.920542100558338916e+02 2.622414259799616398e-01 2.296035701036928334e+00 8.490302957698402098e-02 7.788471092300082432e+01
4.630669503721467208e+02 1.031656535979474515e-01 2.344485190362803451e+01 4.906073992396560446e-02 3.672897965672885334e+01
2.536105904348764000e+02 2.779449725764786550e-01 1.744584057493838714e+00 1.507844768855231242e-02 5.116742171155465257e+01
9.402030491327526533e+02 1.711213208704391420e+00 6.323089827650480110e+00 1.204758701128387927e-01 2.211671111459228811e+01
1.343522268904896691e+03 5.294562007061224262e-01 1.365255970574298949e+01 4.507351317897440035e-02 6.996420091190418589e+01
6.170476323990664014e+02 7.976648331584492713e-01 1.069834946013229260e+00 3.941405341334804774e-02 3.197399922263877414e+01
2.300791232886590024e+03 1.516487898639667098e-01 1.320723976855031800e+01 2.573644466026268202e-02 1.302301226562370573e+02
2.402263143722713892e+02 5.662184090921623669e-01 7.713001801728502471e+00 4.160760636322149292e-02 6.656759075807052284e+01
2.988613858649823101e+02 4.303143338032470178e-01 1.109958363588970265e+00 3.183417731724718508e-02 9.670150942941003791e+01
7.143783651664388117e+02 2.439354328648532633e+00 1.851341856656211871e+00 4.013391728153047344e-01 8.419328541427742607e+01
1.088294801676534576e+02 6.091941388838026938e-01 7.683418285135868331e+00 9.527323309006903440e-02 1.784735044009158571e+02
2.017921058621850534e+03 8.991283416108037940e-01 1.342399295830377426e+00 6.421405628186059589e-02 1.586156643847325824e+02
5.794064089425621660e+02 2.131303979907110069e+00 1.495047933493049541e+01 1.066590756257391609e-01 9.319331696521273045e+01
7.358748641629820213e+02 2.353698613441571885e-01 1.406198237761462355e+00 1.372279699537516835e-02 2.090917208743538680e+01
1.710386728326438970e+03 4.506842704781290343e-01 8.619404532807765307e+00 7.800760759106700748e-02 2.716743422395553864e+01
8.061729663803724861e+02 9.738552596736286260e-01 5.154943923963925201e+00 1.334600000857243951e-01 6.514071664761343072e+01
1.793442863261126149e+03 1.912154135215040185e+00 3.285043511955776374e+00 6.369432411004042338e-01 4.664522310491186374e+01
1.889468673530229125e+03 1.117881905341188142e+00 2.049403929190231466e+01 1.183167863713767073e-02 1.612020302347170571e+02
2.258583629147952081e+02 2.135562367672628081e+00 2.941141988742510982e+00 1.247876380131928212e-02 5.342028121401574481e+01
4.282740574913777323e+02 4.826641713100358055e-01 7.100243674891144607e+00 3.258114040355918339e-01 3.991041534628996601e+01
1.476205770773158577e+02 4.058161803423241953e-01 1.915920196996984259e+01 8.013936743063712065e-01 4.854118989172317811e+01
9.472957729457025380e+02 1.614935995131234481e-01 2.189159570802550192e+01 7.412063101612398341e-02 2.574668102848349349e+01
1.574704943044634433e+02 1.169072970029711445e-01 3.145844211780222111e+00 1.601396554569581576e-01 1.351278252897582774e+02
1.633197924623929964e+02 2.169756214104064385e-01 2.774733521457338270e+01 2.603482426847720799e-01 1.005732381272419786e+02
8.504974417033263308e+02 2.562917739698098996e-01 1.267433105251573267e+00 3.643076567021261702e-01 2.453133778640058082e+01
1.521950172218179887e+03 1.378662620636795344e+00 1.522986711153376138e+00 2.008601247949555815e-02 1.127329864823965835e+02
2.202963702926241695e+03 1.196908528534546656e+00 2.126567088312114606e+00 9.631967063848425603e-01 3.007445382518058352e+01
1.943244723091335686e+02 3.702025316318183212e-01 2.887541196618709094e+01 8.823136761041288079e-01 9.114688475897796138e+01
1.215742264750109882e+02 6.809307314165233826e-01 5.897830705002699681e+00 1.494156201720094057e-01 1.859990156463769324e+02
2.669915869558903978e+03 3.191902882152250487e-01 2.615152399551088802e+00 2.189152486151531643e-02 3.839927009019358906e+01
1.323408216828215245e+03 3.012731527554026734e-01 1.856647911548609997e+01 2.359212408856059540e-01 1.229794360194863287e+02
2.865660579335585226e+03 1.324902315976990985e-01 3.534349837190192023e+00 1.178857289726828877e-01 4.344004505884381473e+01
3.619226945705173080e+02 1.505593677541696707e+00 4.376254329797333753e+00 6.087099149066248910e-02 1.074823843485508377e+02
1.365491742869687926e+02 2.057207652132130304e-01 9.150763240601190063e+00 2.815753247080301502e-01 5.845881187029615234e+01
3.213767793288322423e+02 1.578950200519269709e+00 4.725599680365187183e+00 3.509167553781962490e-02 1.481641471299579962e+02
1.232400125711410737e+03 1.792472370053283526e-01 5.590486656794604770e+00 1.095560441843986162e-02 3.066978183151960380e+01
2.607021624268690516e+02 1.047456461443243780e+00 1.584694534489064921e+01 5.341751555433899012e-02 4.549259400513342655e+01
1.285813036922717743e+02 3.465851911079340097e-01 9.478858352706748036e+00 3.464894309844858689e-01 1.966003181913409890e+02
2.862886416433848353e+02 1.478716603463870738e-01 1.156719767803201293e+00 2.146428767762755818e-01 6.085352574174075357e+01
6.402697598838008162e+02 1.902428043008075331e-01 1.231106008817612896e+01 1.817067938096942892e-01 2.134662982453123448e+01
1.132105326964182268e+03 7.247028154048279491e-01 1.057434494723477592e+01 2.956419190820820317e-02 1.691897958666418731e+02
3.747010781162235844e+02 1.743867806242647589e+00 2.491337538101390692e+01 5.381264969990618985e-01 3.569010575896933091e+01
1.028354525543379907e+02 1.264629151461250378e-01 1.152019722319954731e+01 7.285313085346273310e-01 2.344051248208284832e+01
